20950,24999,5205,16665,27351,8752,20570,13166,17131,9715
21841,22282,5847,27444,19133,3698,29654,27603,7763,16026
24797,12667,5980,9398,11555,31261,14684,15949,2017,157
14833,30607,17750,15819,3581,5096,29967,13716,20999,1237
11621,9338,4575,8951,12359,8513,13185,32102,19770,1771
2364,13127,9373,15079,20244,2977,12338,9094,5988,16236
13530,25262,27336,10731,416,10450,7993,21308,8185,13345
10874,2350,22858,20478,29620,31314,13739,26801,26717,1877
22507,1884,22621,16012,23252,18992,23924,13777,5040,11488
20950,13966,24076,13654,6681,28695,21691,22694,18001,9277
7198,11328,20090,544,8611,14185,28182,9028,29836,30956
25366,24295,7154,29964,5118,26514,3593,24510,24901,26351
11429,14101,9722,3034,27389,25086,11182,16058,175,10029
5517,28690,19973,4183,1742,13651,21879,3490,2126,10229
28273,27994,29047,15045,5462,31717,22631,31105,31940,24569
19790,26274,17434,1804,25880,27513,30519,13836,22349,3709
15237,4689,13109,25572,20023,14032,28735,27760,14286,10641
23971,22156,22754,17763,13639,21911,13343,27598,21984,896
6542,4937,26713,147,5909,1453,29816,17810,21058,25322
10431,23560,12100,15352,22928,28890,26938,23057,31637,29983
32689,1566,7519,16689,7527,25711,9293,28164,23637,14510
20656,22711,2797,9750,19756,1129,22177,16352,19810,20046
32676,32254,32715,10242,31220,27148,22247,19485,8088,6276
28056,8455,22566,16945,2760,15886,22921,4582,2130,18101
26113,31343,8480,4175,11115,10440,27281,17869,10179,26253
32029,32213,14055,178,4155,30484,11678,1652,3458,28372
9688,29839,24335,17873,24632,8370,32040,26440,24271,31024
32542,9810,7467,27896,13176,1392,2448,4039,845,7271
9093,20124,9458,4174,25490,18541,25046,20965,20553,7960
29609,5672,25731,21660,15556,15652,10988,2185,24517,6922
12994,10677,31353,22402,16857,28721,2048,22337,26595,13179
11819,25566,22254,28917,31273,1505,9518,5782,20579,17694
23549,26080,5028,17217,30752,786,18301,25769,16204,1182
12776,31610,3816,5853,16427,10477,2069,2050,13055,26859
15596,20557,22002,31707,17158,27265,17930,8888,20290,4247
2987,24934,16066,12468,3002,15174,12599,11865,5123,7688
6239,17369,1752,28352,24780,6161,27131,27964,6118,23635
23743,24981,13107,1699,14697,18437,23766,31782,26076,28408
26966,16343,6006,15206,23201,31100,3637,1887,5201,26841
2846,20200,9517,6435,1503,7941,18931,26807,26035,31511
3413,14604,16774,11368,10561,23270,27482,12293,3429,2765
19177,14028,12019,4542,19339,27589,1441,24096,24923,29878
23029,10489,27029,24817,18623,31586,27203,31345,8167,10297
29977,11557,30824,3605,12701,30860,12701,13695,21131,8066
12732,8031,31351,2650,4000,22452,21428,3884,2507,8328
24437,5232,28331,18724,16434,16844,23068,1408,845,13099
27695,23037,11766,25103,23849,28502,4428,14632,4815,25300
10692,1573,6881,26306,3535,15818,12005,18209,12215,17987
9509,9885,30410,15288,29435,1983,29627,25377,9292,30307
13381,16220,27731,25965,31249,31868,13216,5304,22746,9573
18272,4943,32719,22422,3550,12768,12857,26949,25674,31085
13149,13745,2490,31301,10660,948,15214,1843,15609,14999
26200,12533,29811,22827,4571,5615,5940,25365,26580,23073
5265,14442,32215,23383,14195,2940,17339,30111,10492,26867
15192,27648,1646,1567,23951,18793,3657,18828,20619,19944
10420,16855,21319,15388,20254,32449,592,6893,5925,130
22989,16250,25783,12640,6332,13139,1911,7551,27006,19177
18274,23803,29590,67,9394,25652,15022,26098,20226,11881
28378,17990,6068,30345,4641,17090,25488,29253,5946,1998
24493,17258,23955,26796,32149,4974,11928,30637,31396,3400
8241,28325,30385,10629,140,31644,24049,153,12062,17862
10775,6003,1764,16054,16064,23124,15855,5070,25871,14816
24095,21498,10900,7798,15151,7582,10099,9661,2545,26828
28610,24191,31963,16827,13362,30395,2499,1908,22002,4085
15591,719,29136,11729,15664,27038,9890,29408,26040,8744
6884,8122,6281,23257,1442,2125,11944,18999,16025,29556
10578,11032,6553,6348,2181,18706,4397,12483,27330,12596
1150,19185,23058,23283,3189,24236,27207,23911,11296,18902
3204,1208,24663,12794,15359,23507,21151,31639,26630,32353
13134,19388,16192,18169,32496,18389,16438,11668,13034,1989
13073,27202,13661,28213,28837,12316,29773,23339,6831,5242
3,27870,10587,30310,9391,17097,29194,31312,18258,30462
2897,28163,2523,16829,12869,10455,31376,31557,5366,15400
21168,28650,9785,2056,2135,14952,24235,2097,14241,6263
3826,27965,10002,28063,10054,22042,27446,26702,6193,15800
28036,32040,12434,28932,23176,11422,7400,8474,15170,18114
27597,26038,15817,8537,15297,17388,28979,29746,30249,3354
30905,20407,15255,10778,31255,25026,25932,9916,19250,31922
16380,4467,8957,5309,25553,846,20893,10120,19890,25642
17356,16884,7620,16167,21883,6203,7985,15192,14267,25661
32041,3263,28125,32276,18727,29048,9688,25326,13942,3892
28652,7708,12019,17641,6533,18534,9492,17608,12130,4514
18217,2672,27382,2181,30690,353,3855,5304,12306,28595
30645,22318,11698,30984,24917,25782,5161,19903,11039,3788
25035,23146,6316,11957,24223,2946,22244,9931,26725,31066
18463,3605,16343,4178,23434,14874,15152,2381,29645,6903
491,18021,8426,7600,13773,26589,12648,2244,11557,11606
24242,1796,8787,30534,6330,21668,31879,31911,13537,17043
5579,2284,1051,1032,8772,22073,5198,31326,7348,22483
8444,29473,23620,2262,30498,3177,14209,4902,20576,13158
22692,25255,26969,28989,10006,30897,22365,31250,27187,5054
24902,12902,2383,32614,24479,7844,3318,8334,26636,28918
17784,4572,18405,10589,15013,25710,4645,31745,18646,22731
17539,29126,3885,9241,18398,30495,4893,5521,20446,19751
15660,12337,24025,4334,4855,3248,27379,19728,21111,6071
32138,18829,21124,78,11729,3540,19607,27285,23994,18721
29652,15028,10266,5385,32072,3092,19208,18004,32111,10448
4485,16394,16121,5478,99,31952,30413,1203,19039,17013
31055,18462,20369,13257,21726,4115,11270,13486,30113,4275
6571,21617,13956,24265,10604,12890,893,6400,6046,4225
28948,12628,16282,2276,27938,27335,29355,6327,27865,24405
13867,30203,15364,8745,11496,25426,20880,21009,12237,30226
19788,12336,22974,664,749,3827,2755,8927,13909,11590
9833,2897,27925,20999,4453,8668,31024,15290,12923,2889
8482,14463,31390,8905,2336,31298,14425,4049,16802,31538
14957,28200,7967,1652,1468,15423,16151,14616,8805,960
24151,3916,17457,28777,25721,20943,21038,18715,18602,30633
4505,32558,13232,20506,30721,18440,811,2256,26794,29934
4634,25692,24880,32025,27298,13543,22892,28173,17675,28449
23195,13862,30732,27003,4541,32116,15944,7062,24892,201
29976,29179,13774,8975,14475,2572,8860,10463,171,27195
2212,21072,9218,2681,19804,18189,25437,16625,25752,2219
25296,26359,12717,24377,13306,19003,983,29720,21898,15939
12760,3853,19458,25112,6370,10644,14268,28223,695,19575
3114,7914,14095,27552,19553,3696,15418,13355,28889,5115
2822,192,23150,31360,14819,26656,30379,9205,25413,6653
31048,27838,19274,32271,20209,25448,2205,18788,11594,10393
13466,32248,25647,2887,26291,2181,21568,13609,32530,28828
11933,31595,1151,20213,25070,10150,6533,32260,22695,19727
19664,14540,27786,32239,18650,7160,13165,30035,9927,15656
2365,2308,26765,19593,31555,30649,24151,29864,30886,26508
31532,27784,27697,10411,23755,28658,9047,4176,2778,4620
9844,32755,12608,7725,26198,27838,22992,31472,25340,31553
26919,17287,12189,871,25303,2898,30701,4264,14533,32688
27291,12929,10703,23574,11550,12577,29618,25694,15537,31334
23595,22881,24732,23303,21853,7111,4534,22547,16755,28958
31528,15514,6534,7978,30835,12201,31681,20860,13493,26236
25795,32070,20264,18160,6212,14190,10475,3639,31996,12513
16389,20431,28608,19754,15271,24757,20975,1859,3505,726
22284,6315,19832,25798,21932,5816,12230,18868,8083,31279
16419,28062,9498,17682,16211,31169,26580,15033,19232,7508
112,24100,13146,7797,15329,10896,8219,30564,5053,14920
27983,21487,1507,20414,24436,813,3937,29914,5535,12655
20117,9362,23744,32372,4242,12987,18470,17372,19908,26143
13126,8159,23000,30927,4280,6207,19158,29371,10882,27003
23440,4735,14233,22086,19776,14464,27301,2871,3181,2104
24069,27330,7438,13262,275,21863,4594,9706,27305,16937
4959,32199,13540,15170,14586,4490,17959,4885,15078,27346
11107,25956,15920,29072,26518,14531,16491,14617,23698,21581
26263,9081,12544,7573,13128,20234,22436,4832,26628,582
7139,13713,5612,2522,22402,30948,8606,15611,13744,2271
15963,7165,10055,32134,9317,15650,27727,20047,1707,31664
22212,6613,2984,7494,10904,5584,19849,24943,16124,15173
9614,12152,17628,762,18098,22143,22184,17965,27534,5069
13658,6021,7035,21350,22197,10313,19191,24285,10442,3536
23370,28269,11969,31545,15721,20550,23254,17244,15386,6693
18850,14079,12633,6439,17052,13134,11002,29663,8671,29829
17041,12966,3886,240,11407,8754,9781,16405,17069,17515
29713,4656,3470,17273,28179,31711,4511,6946,17857,14879
25411,27731,15902,21111,17965,12028,26156,29555,23564,13857
23726,14676,9838,14895,306,11014,24542,23948,13903,850
28752,24433,6444,6741,192,28924,21057,817,29205,24705
25442,12802,15179,3874,5881,15892,29393,25759,29843,5203
1840,13679,24222,11778,27374,20239,15728,8112,14258,7834
23436,5224,3240,9626,22305,2345,11303,12573,19668,23701
7314,1804,8127,1773,20604,32185,698,3645,6671,12727
9945,2772,28078,19950,13110,20471,14297,6638,27120,3287
19025,17028,7795,31168,9341,4235,24826,26002,6925,517
851,14197,8925,31083,23266,14537,17180,30529,25577,15196
29357,4588,10759,28640,25805,8136,6654,156,2295,18294
8377,17505,16900,27251,15245,7616,6295,7663,23999,23162
27832,9692,20294,10040,27327,9797,26835,27516,18292,32481
20751,8664,1908,1256,7971,94,21975,3877,1662,1367
11791,2125,28626,15416,23827,31631,9056,20177,7614,20332
26742,14024,21617,8905,15926,9030,11776,66,4504,26352
9676,23490,5299,537,14124,3664,6968,7477,15890,17452
8255,1937,19179,4379,22854,3650,28102,7935,31350,16220
15545,10922,4137,28004,6528,17140,4522,1799,31336,32267
4411,5899,14956,6411,11613,135,13469,13775,10059,19279
11975,11014,17096,5299,22353,6793,21274,30825,23141,16876
6487,1479,21073,14674,22495,5429,5933,5254,16170,4579
12734,6728,6084,2999,30107,1509,19861,9610,1678,1803
16486,13203,19773,29658,32161,7715,7946,24894,18264,23699
7479,5501,3209,7291,3918,2316,13985,26917,15552,27047
28734,26434,2508,21408,18745,30939,23458,13688,23524,23946
1993,4524,22416,8937,21182,4817,5203,31051,16862,9699
5128,16554,17541,3803,5270,25057,30840,11135,6006,18459
3456,22654,623,3724,3160,11452,15780,13919,1225,32491
29393,30959,26388,26971,20946,2617,3216,16403,32357,24466
13204,11552,2864,20117,29335,26413,9734,6240,26262,13908
22886,13568,8375,15156,1860,29481,5931,11332,268,16426
7512,32102,24805,11297,10040,9664,2099,32363,23548,30663
26463,28255,15350,16284,29402,21564,23989,7068,26975,26207
1650,17203,20345,22202,8619,12272,17478,25729,23565,23775
4986,13862,26007,4115,10406,3976,7933,25218,18363,14440
13898,31254,11978,10012,30410,10752,1293,17287,20519,27984
15147,22088,22738,28610,16568,30770,20388,6363,13051,5628
24774,19765,26869,23610,12750,23064,158,8076,31018,16201
20850,5398,9410,19239,26668,28464,21465,15603,28626,12894
10292,24944,11249,22146,12927,23980,26666,2128,32236,7197
237,7939,32541,4079,27013,6734,27204,17053,21333,15510
13449,24511,23137,5470,17580,13091,23312,4099,5867,19742
21808,23209,22566,16676,58,14709,15425,12951,29911,6653
5066,9181,4004,31484,25819,15285,28978,31819,2882,29899
16210,11020,9184,27530,2959,24104,18255,15921,763,14077
22472,13097,19247,6736,26179,6550,12429,13705,29407,6188
2504,25631,3205,24131,29863,2385,5064,27438,20485,12823
9488,24521,5917,4952,28152,3666,516,14429,29172,15482
3959,30086,567,19387,23511,29499,27860,15339,26994,25894
10019,15378,15876,16799,30566,15737,31102,3432,25004,15619
18949,3995,23542,14016,24894,480,3481,30656,20169,4323
7651,16933,25611,16646,22017,30588,1329,2899,6688,15694
2929,18100,32211,20465,7315,12646,30645,30628,7089,11947
30799,21468,5947,3263,26684,28888,22589,26382,20874,23419
30437,30884,14436,10075,6208,29413,26350,6934,14660,11390
12401,30437,11027,15515,28600,2419,9342,22107,17594,1775
3272,30848,21881,22111,25517,17772,5673,18744,27299,5961
23701,28972,29536,9351,17087,2116,30620,18571,7366,7982
24088,17573,1549,1496,4319,3395,18842,8766,18636,30565
10684,10624,12876,23121,19185,28471,20325,31112,17926,16137
15096,19192,9600,29819,12611,28019,21051,17671,425,25440
13137,28783,19894,26033,1341,19280,14686,25365,11329,22522
28805,32622,1541,24959,9669,10117,32384,19722,28267,3324
27675,5490,8130,7813,30484,9487,4501,20562,4129,461
27119,18637,14935,32638,22053,17800,11337,27765,21782,19575
3188,27728,30386,32093,19675,29973,13497,6020,27118,8833
18629,1969,4272,21404,9099,4695,28697,18065,26974,28171
14777,9917,6133,25144,5535,16646,14701,15892,3449,21102
18577,15314,13053,9447,10842,9242,1415,28266,24754,17846
23299,9795,23165,5518,20493,17583,1242,2774,855,8360
422,2950,8267,24576,10051,32010,31986,11693,11671,19771
20245,10852,11351,1935,15522,19305,20101,19084,19280,7077
24375,12675,29574,4857,5019,1658,23162,30674,13880,20586
30614,32509,6006,4523,10527,7613,26465,19116,31768,16923
23722,5351,11108,25982,19694,27156,6700,11643,6715,27549
19840,3822,6609,15955,10561,10058,22565,20063,29758,16429
24108,3963,26525,12600,23509,3426,19837,5149,23512,24708
29401,32505,25774,23295,28847,14565,10976,459,4194,7367
14469,9780,20318,7791,11782,13198,17914,9695,37,1316
30114,13545,22334,22641,16949,2816,29644,12179,6828,15176
15406,14332,5373,26863,22444,2411,318,7616,31413,20762
14350,28405,18538,15673,10289,25677,28001,15516,26490,21855
22434,26289,19182,12590,12278,8116,18982,25597,30818,19750
12789,20325,29678,11899,27211,2212,15274,11795,21337,20792
9459,15979,32246,32173,23795,6037,17218,16051,23911,26853
32649,115,7845,21230,29802,21539,10973,15788,5688,6104
30367,24323,18592,20636,8861,1384,20108,27329,2739,31455
29000,21621,17956,5157,8931,9878,32039,16430,8153,20423
14242,11218,21486,30147,2357,19907,1629,241,15994,28354
4402,1593,28555,530,10229,791,7109,25133,29064,8173
13004,17847,31058,27806,11983,176,15262,19288,9230,26093
20797,32177,27033,23753,32371,2038,16218,32536,10513,24255
5461,21340,31198,4807,22575,30524,11579,28411,26349,20017
22279,15569,5631,2179,7617,8923,25469,5748,12524,20892
16560,23482,32440,29338,5332,14131,27870,3508,23836,13013
6348,22710,3575,28644,25346,9515,6546,9063,18876,24691
16286,14044,22225,23061,2643,24875,9435,17494,7349,19417
16280,8970,13846,6270,25488,7338,3804,23161,24824,24999
29316,22754,9687,7678,15079,11456,13159,10509,4284,3964
702,26532,5471,28054,7341,5216,22993,4503,26857,25140
18175,31559,30824,11593,23367,14111,20238,11784,24888,18945
28809,25205,921,1319,13434,8638,25261,22106,9685,3603
3766,26724,29066,22713,3000,10183,10341,3162,17023,32687
22578,20896,739,25382,16422,25090,31563,30343,9338,7389
18800,27957,1369,29382,2148,28556,15612,6943,32722,7448
18708,18408,22663,32517,17256,19416,31281,32471,19903,26284
30311,13660,29952,11200,9450,9694,20376,14044,21803,14748
23324,9040,14605,3964,23855,31043,27883,29690,19367,1352
16605,5476,32747,20018,10039,18505,14751,7466,27731,28719
13444,19454,7057,24708,21913,19900,13723,18903,13191,9600
7150,1864,32315,16266,21910,24637,2517,24723,4408,4695
193,8033,2134,14245,291,7322,10191,23831,10617,27862
8613,23861,22652,26871,19459,21264,9286,22717,29055,14713
19642,11157,30364,2674,11553,13234,30867,29410,28945,5983
18771,28301,4243,27796,27846,24642,22404,12999,31574,31318
31804,7940,3504,2898,2414,28224,5575,745,8015,12779
18716,17197,20475,19140,62,4610,6932,1521,12172,16082
19628,4175,23874,20610,17253,13319,14516,20389,25046,5218
14036,240,12081,23518,22522,9198,27427,4225,31461,2549
6396,621,24829,6489,17936,2229,18394,4319,3933,111
15370,8053,10862,16906,2319,9248,30079,226,27304,10805
21217,18706,25426,30156,21408,3977,23565,13426,30052,2145
29027,9758,30613,14188,4519,21095,3010,28431,20603,7667
25924,12627,5012,21555,27678,10041,31938,31053,5928,8782
13610,30810,12653,23680,32214,466,3793,27184,10609,11844
29687,4744,25419,14667,13665,527,26532,26813,20953,2938
4390,29733,3088,27334,24499,116,18310,16003,23649,1011
11433,11123,32451,9852,22593,24147,30571,29162,6667,24569
940,26318,1700,28575,11941,18788,24745,22399,9082,15045
7453,28576,29925,29277,1803,17135,32238,11168,18028,2705
16374,7161,20042,29560,25082,1283,30246,25140,13590,14076
17048,10508,25160,6007,8501,25678,9591,80,7093,28899
14772,2789,18006,12582,23231,7043,28027,5111,32717,16671
18073,4618,13192,15687,10323,5509,11608,18520,3556,32715
4065,26096,27070,16786,28877,23974,2928,14652,3531,11257
7373,19300,21207,32647,31307,27063,5565,5760,27305,31749
10968,4185,31189,24471,14112,1989,31500,28868,25444,2273
30275,21183,21715,14254,1222,27059,3777,15045,24863,15122
8616,15942,11833,10282,19309,8978,14789,14073,27877,11834
15837,23874,30872,19639,26087,480,16069,16219,6845,10331
15014,17159,23051,31417,17652,2335,7416,9622,20398,5179
4616,14967,3863,19743,11840,3164,13310,25582,22924,14996
6977,20890,14943,24021,5780,3487,25753,2956,12927,19441
28589,9074,7590,22322,14339,7008,5453,23337,20379,15716
31515,13168,25076,3092,30750,4716,3884,16674,20752,5250
616,6705,20441,5000,18294,26599,26196,20090,9137,4932
28246,14703,30245,3378,10989,2507,25332,23645,28389,21173
19961,15684,3217,17868,26794,2193,29384,27669,22339,21413
6957,27448,12577,32632,11699,10989,24683,10656,32097,28337
9464,13231,16979,14269,15981,21698,13570,824,422,26967
28357,14508,23896,30047,13207,23735,4596,3221,2330,23555
8398,5389,16092,631,13950,6160,19417,29359,5254,5415
9538,12714,15926,2934,29309,6851,27853,11595,17005,20451
3809,29175,9715,31220,22273,31197,21429,28057,7576,30920
14622,2076,6676,6786,7334,22696,14152,5538,13651,27064
1807,24741,23423,16079,6451,15680,14045,23146,14733,3573
3511,24626,22893,10725,6521,10103,10300,8933,1139,20954
8031,12755,29915,14921,1375,15659,18705,20529,11335,11733
26919,13038,28494,1601,20897,8583,13238,28598,15225,4760
28916,12775,1383,2191,1041,18632,16991,30235,21072,3231
4442,18146,32529,8286,8793,24691,14581,6704,3239,12155
25155,6738,23135,5435,6283,17444,27951,18745,24457,19840
8283,822,29515,6218,19461,353,1430,2632,3499,16074
27271,5940,31217,28185,30838,12560,7073,3200,7967,4794
25584,8430,31236,6336,28675,31622,25101,7285,18353,2383
17010,1349,31115,4141,13530,1093,14361,26384,10437,11790
23655,32363,6695,26316,29120,19688,6997,21650,11962,29786
13861,19441,32627,13042,26705,27336,1305,29879,16157,21853
11952,6448,22074,18861,20239,16739,15849,32001,21548,14852
3172,30658,922,21990,7801,25486,24656,19637,19320,32651
7596,29159,4175,12028,17336,22512,30196,22034,26795,13237
14083,30980,9139,5188,26793,20834,7409,17090,10944,19878
24261,24228,9019,12044,19533,2595,18629,14755,24872,15081
16549,10916,7808,785,21477,26883,18759,26190,16307,9285
24000,3946,25863,21905,23618,31219,7046,22281,21305,25649
11175,1371,19053,7514,13332,8082,29575,1033,32339,22835
17361,18669,1701,21125,23357,18878,15150,27440,23721,6262
13911,8969,7009,701,30833,32045,16869,11685,25755,6477
21997,6551,1253,30536,15787,8846,22965,6399,10832,20610
14442,30309,3025,3112,32064,30677,29163,3032,5235,27305
32357,3278,7848,9224,19605,11414,13448,17919,29221,30402
3502,23251,32023,31454,3779,14998,4871,32422,743,28409
5552,8310,1107,2401,28850,32257,22589,7997,29843,13126
16892,24726,25347,17856,4461,31975,4196,20445,28821,18992
16009,178,13448,25158,5310,17389,13705,10861,22793,9739
29298,31016,20144,18635,855,20048,24059,31714,8038,20836
26939,19952,14865,2592,29451,10675,31600,1873,31190,21370
6112,26599,11418,23261,19185,31308,23787,21676,31103,26100
21050,28965,16158,4918,25175,17002,27324,17754,29493,18226
11905,6899,18926,3518,1786,26735,19206,783,7543,8428
4084,16982,10673,16717,30174,30892,5808,29069,2469,12547
28396,20564,29985,7260,21427,7368,20910,10811,970,12966
999,1368,13655,3217,1201,18584,18174,16554,15228,59
3147,11104,19909,19287,14672,15498,2015,12677,12687,6835
17140,218,15898,4276,27719,18457,28408,31113,4539,16678
11211,7773,6041,16318,14256,15079,31630,30822,11367,7161
18675,13217,12468,3158,8785,16742,28164,965,1061,16593
2388,19555,9440,4121,9039,4669,5682,30914,9142,4382
2952,27668,21509,21670,27092,25547,3412,16028,1164,15120
32123,18309,11253,5032,18297,11638,28833,7020,791,1318
16438,17913,24520,24903,16242,20136,28372,1047,1388,5825
22709,20274,7197,13291,449,26026,27166,17127,25098,13401
27059,21118,5251,21622,20745,31416,24932,31847,4028,29775
18383,29398,17820,17507,19123,14343,5809,20591,1265,22889
125,28284,18621,9067,5248,17813,20039,9616,15362,4730
13723,15558,26892,9369,24518,6132,22712,10041,25403,27346
19114,2809,8053,17149,20959,9081,13277,13131,8870,19799
24045,18779,491,12381,662,369,14779,29176,26335,11393
14085,27628,23504,31882,13470,15175,24974,11046,6024,15251
1479,28254,24692,16976,336,12226,22149,11938,22797,14778
20311,8518,1554,20247,14400,28874,26887,24813,17622,11774
3281,22181,26289,19622,31855,7246,29298,17521,12321,27444
5635,15919,21968,180,1057,8510,30890,14158,31000,5445
19469,13820,31950,19493,7590,10690,1539,10285,13018,15751
25303,4750,5476,17443,2701,5646,4928,18617,15502,4608
30152,31047,4273,6515,13342,8059,23737,21162,9417,7113
4896,27340,29347,5818,32531,29149,22770,23687,445,13037
27349,5862,13512,23695,27106,22820,5665,3469,28685,12916
8444,6618,28875,14983,30745,7112,21880,19548,1349,9595
14582,25434,12835,9886,1688,20124,7724,23124,62,11916
30197,20850,28609,28851,20400,27883,1937,15823,12534,23692
13980,3622,8644,30185,29554,22555,28867,30615,17063,3327
3276,3227,31865,22569,6059,9251,5555,21577,5667,29044
28626,11001,24883,10276,29797,21141,15512,18569,32698,24141
13971,4209,24246,5240,13548,25619,25605,16171,21303,17222
22644,27403,30294,7921,19098,2143,14655,8899,446,8810
5888,18212,6133,8439,30208,16235,32651,18485,30855,6225
30628,27333,13952,6821,13347,530,17534,17986,15563,8417
11262,31039,18340,29737,14572,5989,4769,17956,16488,17894
127,14246,17609,3915,31984,9134,6882,943,27641,24890
29829,10539,10393,22368,29766,20625,22187,6043,11905,8797
3085,29283,15263,30696,5378,14848,16276,21727,22485,10143
2732,5364,7104,5798,14216,8659,14091,2629,27235,17752
26744,12621,5531,27647,24543,23622,26476,27548,14870,6588
17662,8780,29715,27865,30370,427,6485,21049,26968,23111
12672,1785,10646,31573,12615,17937,31556,31395,29326,28644
13067,14542,30672,20502,13519,30133,32447,30110,15226,2349
9771,20764,19964,5111,11045,3436,1424,15599,356,22139
2368,20101,19176,601,25259,18545,29404,20624,4102,14755
28609,13237,30561,30329,28873,22844,7979,32565,31361,25488
20473,10926,14003,2660,899,26950,31627,5443,17647,13339
19960,25711,26195,31874,25429,31720,12149,12209,26185,17611
27093,8891,748,30941,28141,31426,32299,27752,5559,25959
23661,10822,14448,13702,23415,5691,5020,14369,17292,2440
17738,21913,21465,7612,15257,21284,19985,6606,15739,18555
25941,13673,28857,7635,5206,9863,311,9743,7869,11585
19834,10548,16843,4581,15463,29469,22588,18762,8269,14960
30066,13152,19238,29648,15311,10251,14362,25940,29283,17970
28229,3640,7623,14611,186,14035,8264,26585,20424,15561
9544,17264,28540,28546,23522,9880,22374,4315,17613,31800
16288,19995,6019,8181,20237,17704,674,11524,32479,27131
19346,12092,22364,24657,4456,27248,27105,7587,14090,11259
11303,26457,14484,23196,6341,315,28667,14469,14582,8232
3313,2990,31645,29962,17416,8303,32134,25609,31001,23118
9967,15359,26855,18198,16967,556,5632,26665,28725,9772
31972,9750,7388,12837,21353,8814,23134,19269,22366,23508
17566,5740,28783,22612,21067,21797,10568,18934,14106,20187
17406,24978,15186,23114,28074,17381,11406,6963,21847,21733
19390,18516,10782,19794,23664,3479,17551,20110,14670,24202
32595,26798,4583,19727,784,18129,13746,14421,2445,30128
4175,26630,23575,30839,15121,26562,4387,8148,18362,14029
19764,22349,10373,8196,2815,23766,22890,19990,11981,5795
11933,28656,26914,31547,27736,377,11420,16334,3034,3200
15133,16584,20912,30194,3629,22694,6451,11089,7833,6408
31058,17505,20320,6664,9873,27941,32720,21451,13906,11273
2285,13909,10067,22625,10770,29602,21369,21778,10459,12274
11980,25487,10305,3172,30658,8968,31495,16326,15552,4062
30038,12716,23262,5977,420,19391,23019,5021,31962,30040
18865,17370,7605,27982,1145,5316,27500,30220,31442,19779
1940,2022,27791,29547,20289,32173,13071,32174,5999,28544
193,9296,2208,12262,14822,26396,24006,7962,19097,6998
2658,18598,7693,5616,3054,32563,6935,17920,27257,27296
18924,21362,11409,15441,1835,5626,16997,32202,26654,30797
11307,11644,13373,7057,24512,7646,6131,20242,12686,19136
29861,12342,17587,6365,29169,1715,18016,13231,13363,12543
30846,32135,23630,13577,20376,17884,13481,18726,10229,14819
12151,26958,22020,17249,6716,19592,5630,18878,10892,20131
7878,2394,18454,8743,23572,29988,14306,24203,5074,22120
3287,16040,31430,7912,384,9070,31858,8495,7952,11990
14904,8994,21923,2839,1474,32472,27078,12829,23201,17835
23354,18743,6964,6543,10485,25872,5324,12451,5738,18912
3853,14086,22026,31715,27288,748,15627,13323,4839,20209
25704,3314,18295,28333,23337,31762,45,12680,19940,27448
28915,26575,18308,1590,28834,15880,28489,4312,18212,25219
26640,22810,9946,10546,13525,6552,21819,8634,18038,24646
18110,21450,5817,19809,12794,5548,29841,16038,24076,12570
26013,15041,12346,19026,16626,12552,15574,15725,26394,24937
24420,26092,15196,161,7679,1172,16958,27823,23544,14204
2377,1417,8129,14436,15372,32269,28681,21832,2660,14650
3113,22325,17402,1952,959,19292,19724,22805,29080,25189
20593,13994,24020,23045,21207,6366,2884,9427,2896,28177
13335,17495,9485,25915,31158,2404,20072,20701,3052,11944
14632,13880,19274,386,28673,23742,27338,3347,9563,29126
21682,31640,24405,5251,22203,8695,9480,24119,22899,27031
4368,15012,9952,3189,27977,9411,1126,22389,15318,7097
9194,26358,20840,25607,12344,4520,25788,26881,30882,30114
14182,21121,32746,23471,15310,8924,29283,25833,23672,28949
18258,13962,18568,4945,4506,6142,27013,19851,17305,14141
26205,22665,27213,1879,22441,21775,9147,27984,4403,32594
21649,12079,9397,13999,24842,22866,484,11677,27922,3588
22445,21985,26539,29522,6847,23809,25999,13082,21833,19706
3862,16740,9221,9525,9563,23797,1141,32696,25242,32290
22637,5786,14813,10211,17105,15801,14808,20264,16800,9391
5905,19568,10545,29953,8516,2967,25789,8346,10245,28143
8222,29816,4775,4755,16086,17318,12125,30968,17491,15978
32159,12741,4466,18879,30671,4581,6977,27397,8221,7130
32521,7160,21672,4948,6028,6879,12005,28418,30603,2821
29253,7336,28043,31085,19986,19314,29913,6594,30362,12424
14284,20365,22928,31202,1866,22443,29103,25438,27533,9725
32160,8719,12839,19297,7710,6616,7492,30689,8024,4410
6192,27947,29079,22379,5401,30017,5408,4264,30741,12658
32092,7371,13159,21897,12086,19488,30974,9028,7877,22133
9534,14856,4139,18544,18179,3794,32701,23334,26851,8305
21860,27112,32692,15347,26434,31328,8782,25949,3993,2782
28306,14495,23017,6892,16300,22214,2905,8744,6548,13172
2648,26963,28123,22157,27012,31141,7588,26164,6603,5731
23793,3318,2000,29876,23328,4164,10384,9649,21685,11047
14661,26299,29273,303,13963,19473,6435,15789,20161,31137
4119,13089,21426,24095,7916,3830,28532,9301,2579,30061
8337,20154,4084,6616,16741,12613,19323,9992,7879,15747
8147,3080,25068,21736,4465,268,20871,5475,12373,22692
11829,21556,30604,28981,11801,15106,17914,23210,23491,15144
21590,1127,23639,19281,19574,1918,24811,9028,26061,24870
18224,27137,11058,12649,11605,2572,19938,21020,32040,8201
10697,23060,12927,14217,24317,24727,24790,18980,9356,5393
15417,13512,14455,32520,10597,5968,4350,31314,6442,21080
13086,17286,13075,5968,21081,10416,4937,16080,7605,12873
8117,22827,24071,22630,14437,11591,18801,6191,18225,6572
12330,32147,29342,3034,26237,30010,30722,480,4117,31419
28905,18986,12407,30480,1976,30107,9424,25415,24464,12252
27377,889,13173,29171,22936,19968,28848,17175,11761,21221
20593,31682,4700,14232,13497,16137,625,6884,19575,7721
12353,29985,17138,6754,20191,18604,32358,30984,26144,13972
12786,7639,5022,19350,18097,24455,23811,6476,24616,2720
30596,28577,32736,1680,10411,19080,3155,20730,9306,18414
16141,17234,3085,14828,15883,22183,29535,10562,25703,22975
3536,23553,32311,19817,27077,13447,31666,23311,23760,31920
24468,6539,1330,29003,27844,5179,1182,8651,22324,18520
22592,30783,31753,3203,29182,32133,25853,5793,30462,11706
6913,5097,18280,28916,3110,1851,13165,3124,2237,25012
392,7830,7101,2431,10755,32459,16998,17134,27582,3273
18212,12233,7724,19393,17334,22758,25758,22610,3727,30201
9924,3836,6013,26542,29296,30423,30600,6133,10910,17541
14365,13469,10162,2405,5484,30757,11520,25353,16398,29903
22417,16107,25067,5621,27172,1627,27227,19360,6772,18108
25995,5207,17337,10736,25379,22837,8817,21265,12325,20543
32096,29538,26648,22772,24534,11141,8551,1829,18736,3310
14596,20486,30113,20375,336,3462,9267,4085,22591,19420
32264,10540,26807,5474,742,32639,6970,12455,7923,20234
31173,1215,19900,21171,2808,6110,28284,22366,26742,23590
11676,3936,5263,16060,10102,14902,21277,11553,10334,29816
2475,1216,11747,17416,27357,8387,3410,13455,28940,31275
25468,6186,27696,3616,12729,16480,9987,32389,19501,17240
26467,8400,32074,8520,19960,28441,662,24113,22808,3952
18095,25546,3815,25972,31884,16313,4803,25122,5,4617
10719,1514,8086,16345,29485,18696,13152,15953,22146,24081
9584,2523,28405,716,20292,7567,29832,21316,20619,32494
26890,21275,17197,12756,3131,8481,28811,10408,23346,2341
27656,1238,7932,26636,14024,15231,20102,5664,20664,29295
18364,19370,23246,10575,9203,13250,11922,795,11140,8550
3805,17367,11450,6858,21984,22142,14831,12015,17513,28476
4849,18807,22114,7644,15787,30904,16538,25732,4609,23055
31689,9888,15611,8310,206,1052,32550,26969,6714,29910
10807,21414,28434,14419,8690,3364,10961,28081,25674,18949
26285,26588,23754,23230,14363,4613,1843,21526,2197,30800
9575,32125,6811,18637,3205,31136,24568,24746,19798,23866
1350,14759,15336,10285,22196,19401,6776,21713,25095,14163
27541,29068,31199,19186,12163,30883,32316,14904,4318,23119
3648,6219,17535,27924,1847,27359,8356,14414,29908,26977
12106,19725,22205,15477,16350,8482,24395,20899,15381,8314
3978,5965,17433,26795,21640,13541,21989,25293,2508,4957
1010,12171,1316,18910,32531,6521,4004,17084,30621,425
28651,11434,6604,31353,27048,3114,10594,1198,22109,328
145,8903,15203,5512,30235,13963,303,9757,28344,23781
12243,15963,7608,15345,21703,30319,14569,30551,30186,10830
9147,16088,13764,7403,21922,11046,3342,23469,32700,23801
15732,30240,13748,4703,24985,24043,7654,9811,15964,770
27844,11922,14682,28,12152,11178,6323,27496,10699,32596
28690,8059,19269,7427,24295,4237,32661,10429,1015,486
24116,30762,18967,12179,32070,10731,29236,16477,27585,18220
32407,5116,5840,9085,25447,16775,7802,28381,8304,23087
23935,11800,10274,17453,10370,3412,14301,16889,2157,16614
1388,31165,29714,26730,26063,4361,19726,10258,20797,12488
9203,27710,26729,1395,1958,2893,24325,3972,25605,14771
28548,22574,13261,1100,15397,24139,2491,17649,16685,20374
13554,17736,15475,25114,1181,992,11810,25066,28373,20349
22203,18195,7877,11440,22105,26575,11788,14763,20793,6907
3426,1108,15737,24267,24703,1688,15904,22461,20793,15618
12127,15307,7660,2956,18455,32229,26398,25781,29850,19870
99,26323,20150,16166,18559,25515,22256,12152,19659,1599
21261,14548,15322,2791,30167,19312,27483,15779,13341,15979
30017,12976,27388,27906,12322,27993,15197,13318,1757,26896
16063,25485,29568,14525,31031,30953,8553,12374,11444,13526
31403,19632,29064,25079,9395,19861,14372,24452,12331,13846
6179,17469,30,10018,4235,11682,11357,18520,7503,3941
25378,13082,17944,5920,3572,5091,2628,30788,15818,30170
20015,13393,8819,27815,11698,13133,4405,4229,22506,16495
24245,152,22587,16155,4118,24450,28820,11283,10085,32305
26868,16107,3893,10490,30765,16317,27014,19180,10728,25887
17900,23390,26089,20050,749,18891,31892,28092,24234,23520
23728,30616,31426,12754,22124,10477,22387,25845,3999,31420
2562,29835,3412,5502,12893,29913,30342,6350,29696,13441
29736,2914,30229,19467,21097,1855,11999,19397,18229,30253
32344,31693,511,29289,23577,25196,26814,8091,7291,1189
9781,4103,4348,5390,28024,2567,2020,1247,5804,16825
28456,11081,30990,23285,7822,30473,9783,18306,3346,24124
27294,21897,30088,117,14174,585,11908,12045,22841,25869
14711,20410,8413,18011,19738,19811,24679,14191,24336,2867
25126,15848,28871,3565,15521,26560,9119,20351,10203,23425
22606,28889,14293,14518,23939,15871,8277,23712,29129,14429
26086,24363,7342,7004,8224,23584,8997,3890,12585,23708
6954,32254,5756,29889,25252,16148,14057,27051,32143,3221
20957,29606,8026,30532,29668,28830,25486,19604,5228,6871
31153,8966,16588,6110,18538,177,30853,29631,19430,20514
7879,23672,13177,5991,9527,12718,649,9575,21487,15519
14504,10613,21190,9304,17664,26916,22482,29223,18676,2140
7980,14932,28164,6061,4083,15628,21233,23780,12948,5022
21538,2524,23624,15850,13127,21911,13278,9237,25148,11149
29626,24706,30000,25924,3358,26110,6,16929,4264,22075
25339,4478,28,7296,19082,17149,28004,8350,26253,20763
2773,9766,7332,14856,4276,11225,14810,31414,7161,24416
26502,16431,27218,31038,26480,17197,5995,5378,23349,484
16237,22977,6893,19491,10949,1731,24330,21915,26406,14461
16771,17022,29137,31167,23091,25165,22292,29999,31356,3307
27408,23286,19503,22005,32704,20153,22448,2646,15415,29131
13653,11285,31017,23969,28176,24690,18093,8838,20302,1074
32577,7823,13854,23095,3087,16594,5526,2131,15983,3283
15474,22110,25260,29247,7679,25478,28683,19677,8760,17895
31241,8385,16686,18524,18149,26307,28077,14996,12126,32047
4892,1896,11198,4286,10917,1387,12823,4549,11158,13763
18893,2477,23303,25912,30804,25763,16062,25483,27451,912
14159,17673,874,10828,1415,25183,9640,7695,16139,2736
29792,2088,30269,7141,22180,28913,6495,30021,28786,26370
19707,30789,28726,9893,17794,2977,21905,21898,25651,21675
5465,9916,6974,6883,16097,31444,23850,2505,1658,20589
7028,17647,22841,6359,6265,594,24059,17680,4245,7914
1959,7919,32397,24960,7347,17059,32554,24512,22506,19548
6183,14735,1644,3656,26190,7839,18166,25281,30429,21056
20067,28357,20526,8569,21875,26790,28055,32599,5068,14082
12944,15237,27710,31734,6419,1821,11851,24719,8009,15294
4327,13441,14434,6367,19068,13852,17604,27490,27185,5755
21865,21356,22124,3583,16002,7285,5269,5372,15713,23451
15902,5297,13717,18492,18112,9342,18775,707,30727,10065
20773,15810,17936,23906,30380,32066,24978,15904,30443,24663
11035,11882,20374,10487,27548,26371,23480,30219,30248,8000
9117,25543,5881,20484,25583,1591,29620,8942,4127,29211
16621,25041,21510,18421,28910,31333,22733,30048,16308,27196
20746,8355,16443,9975,4139,29318,20220,22201,12568,12901
3507,27868,4116,26754,19557,32483,7140,31391,930,26032
16948,30413,17416,32504,31542,127,16136,8947,14476,5090
19693,8792,15208,4977,5145,24712,5618,21444,13714,24073
23530,6568,8894,18231,18062,15989,107,23350,20414,28316
15122,16171,2142,13952,12381,4524,11772,20871,4582,21109
17330,28528,25922,29276,12878,25575,17726,8071,13233,29782
18536,8668,3445,14335,12498,23481,24275,15944,18706,17125
1475,28501,4749,26055,24420,23260,10486,20694,26527,26933
32529,26705,31751,8881,22717,2608,17924,301,9777,3162
4145,32743,9350,27416,2818,23952,26486,15306,17578,17570
12387,14297,22588,19955,13978,29676,6160,4491,17626,5983
14184,14770,20496,10225,14163,19534,27493,15804,6866,7788
15738,13163,9786,9757,23282,9895,11737,7811,10802,23762
14300,12843,13412,24568,30064,8093,1986,26626,22312,3122
3857,25645,16543,31014,619,14523,8030,3822,21826,1257
26880,13004,17826,1312,17556,6816,28854,25967,25410,21249
4238,6201,19506,27532,18207,1323,8105,15740,6796,9329
5493,124,1700,23082,14988,8633,18347,9753,12784,4410
16989,31645,31957,31092,11568,21987,3590,5401,24282,23642
11397,5938,26131,11111,26993,22893,20124,5467,11565,17592
14208,28578,8127,10254,7834,16444,28790,29073,1367,24434
16592,32218,21181,25025,13978,29069,5804,24091,31065,20784
4708,25679,7913,19261,10824,14277,19300,26741,9442,8814
2118,5752,23334,29691,5838,16531,15867,333,16807,27353
21751,14381,29127,885,6762,6974,2712,24126,22687,14895
20821,3724,27742,31285,25527,4938,4277,17081,466,2381
6137,25166,12089,22500,13831,16357,28521,2993,16335,11332
8549,21431,1044,26548,16029,21683,8557,12282,276,18096
32144,27273,13506,4310,16847,16118,14392,22403,227,13740
28802,12445,27113,12001,13393,29222,11434,17865,29274,20240
29471,29705,5881,13907,5173,2414,29978,10302,25549,19423
13913,30218,17415,21392,5736,8117,23488,30585,28081,17422
5721,24071,20285,22284,20666,1553,15829,4707,22423,23565
15463,21593,6898,12164,15787,24790,15074,7363,14085,14523
20882,16084,23214,31605,7820,15788,15631,1746,30520,3238
26989,18707,8351,27952,10699,31042,30325,2500,1548,10694
855,15643,15961,26932,28241,22941,17602,25960,24995,1307
31272,17621,20165,31936,12890,10777,13224,21829,17278,5588
17727,2917,9395,6843,9022,30865,24564,6120,31010,32740
23359,28020,12401,1881,15607,24392,6211,4412,28552,6704
9729,2526,2121,3890,13165,7565,5542,6429,24034,10947
6270,8292,27357,9374,11466,12589,21949,31120,9600,14246
27335,21080,8119,22168,4973,15665,20747,3134,14288,6473
5443,6487,22915,22132,32561,24186,19346,23842,28890,9130
11203,12943,32471,32298,283,11577,8955,18578,9124,19863
566,24867,20846,3848,18873,8792,5332,17674,26459,18877
24576,22700,8508,16644,434,31302,20648,32086,22332,7015
17470,26855,24530,17679,3409,2765,5376,7710,15502,24850
11388,13837,20959,8456,10014,26588,25488,20956,20781,26955
16561,30062,6108,23117,4795,13152,22548,26810,17014,14958
2676,23620,9241,19453,28823,7852,11955,9718,10133,5174
17099,16084,17356,22618,17475,2044,23008,12988,2947,10829
6400,22622,29139,28921,23147,19732,32007,22163,18995,31033
28258,26729,3393,18337,14517,29715,2202,24526,8647,13132
11745,20583,4857,27137,28956,15845,23850,10920,19387,27024
29657,13523,28886,9386,25481,8709,5814,1002,1898,21700
31127,26412,16949,24047,31660,10598,15960,19538,1636,3294
31059,6776,4332,14234,7778,11968,28661,21528,29788,8627
21175,10816,25307,16021,4405,17559,21149,29242,12227,30133
27946,7196,15302,20985,32695,30122,26044,29051,1355,994
31868,3650,7200,18209,11710,21176,27212,7482,12253,27738
13728,2502,14556,14004,13009,22716,26280,4749,20437,20290
31900,15711,32144,24258,6730,15626,15536,3647,20345,13256
29142,3562,12650,12388,17654,10480,21856,20135,4096,2455
21598,15380,8384,905,15411,29909,20995,22639,4532,19700
16379,10946,18505,6606,7140,4830,21163,4037,25320,2649
12523,10294,31808,8594,8119,9131,669,13197,19673,31825
15558,3070,13568,23724,2434,13219,3779,28297,17080,22231
26339,5684,23509,31333,20944,28140,16238,29338,22127,5524
12327,20638,30235,10923,12499,14852,30186,31870,14300,24223
19761,20636,12773,151,23882,19339,6063,17085,22164,20921
6969,12572,28348,29877,12332,14288,19515,16543,29557,31772
19232,32222,13876,19382,32528,15120,12245,5733,5771,13127
7036,9678,880,25714,17575,1931,3268,27161,18191,23934
11695,28750,1487,2149,26055,21216,7623,24750,24210,15569
22339,29068,2629,23562,23256,27210,8146,32078,11663,14816
6178,9325,14406,2244,4255,29882,24146,1282,14070,32190
26473,13455,8731,16430,16576,16858,15501,32539,22896,30373
9179,12649,7710,22803,8551,10114,22491,7938,8298,14667
29257,27546,17720,4184,27903,2854,2502,25180,31791,8483
873,12259,7302,31895,13792,23363,7764,1701,6037,11215
27629,32605,11040,4431,3919,31961,21005,15277,15109,24709
15583,23281,23115,14014,7252,7023,27762,13471,30699,12863
12166,18455,19876,3566,24111,28223,24327,32627,1237,17387
20327,28517,12807,1152,30568,29547,1566,27397,4543,22515
26141,10620,9529,29223,21980,27250,20479,19996,15718,4309
22552,3405,7583,10758,9519,2377,30762,17967,1943,3752
28297,10967,28812,17475,23686,5043,32700,4773,29138,30143
2566,8124,3821,30862,32129,13012,26949,6622,18112,5319
15010,12144,6996,16493,32705,15127,19859,30554,2623,17678
3480,3785,27066,12430,15243,2259,28722,16032,12067,19941
21941,13105,6248,6768,16187,20580,23998,29922,11471,7212
6943,16342,4847,9241,9896,15495,9014,13170,15959,4491
2104,12165,17171,10686,6318,3643,9452,32636,17875,6895
25765,10259,18701,32128,20079,13175,21712,14245,20984,13368
19647,3201,7076,946,18709,1656,21274,5764,26948,3904
8963,30019,14812,20027,28174,11631,12717,16644,21816,20133
2608,16968,29514,18455,30499,29399,29091,14906,372,14586
23095,4286,2400,18952,19160,30915,13276,29236,28085,1866
18228,3753,23328,9193,15090,28121,18580,3012,32513,2577
10486,184,15890,21073,8731,30937,7999,30044,31627,25119
19182,25355,27268,20060,14073,30694,24386,7025,32268,1781
14206,27586,17998,13780,31285,743,31555,24326,170,23205
24305,28299,12462,1052,13889,27829,11295,10561,5289,11063
6575,17039,2824,18559,27366,21754,15825,32070,17259,19493
9836,26725,25983,17620,985,19690,18378,23460,16023,30315
14426,21498,17348,14234,12521,11065,7045,14106,16478,27704
16040,32401,11671,22259,28552,32767,14182,12416,6705,1358
5593,20293,32709,15914,8383,14185,12575,24594,16231,23432
7349,3247,1451,21931,13251,29285,8749,11383,27302,23337
481,30884,6277,7570,19660,32433,31287,9266,8203,4310
23649,32550,10518,19771,12511,13292,1606,3175,4966,16245
4245,5115,359,32379,29350,24992,18742,28693,12549,8766
29803,1673,1967,10607,12681,31329,16597,32051,221,21441
26845,18917,10409,7671,938,21101,13442,31060,10013,12472
1015,32570,7899,31333,11379,11383,32081,7617,12901,17873
15862,2806,23965,27362,23760,32127,11513,19239,1850,31199
11586,12627,18916,21395,14161,22761,24603,20293,22902,16905
2123,13634,28698,30602,450,26670,12706,31562,6070,21495
12695,19650,23946,18695,7940,15838,77,6078,16928,2571
20868,31,32045,25489,28457,18889,21664,27427,11507,6185
17026,17844,8920,20207,22806,17549,1233,6846,30908,21405
10205,29224,7445,8720,22600,8921,1384,14627,25901,16146
15429,30006,1338,32602,17000,5410,30899,27760,24799,21454
3257,25987,26224,16381,25549,22181,21557,18026,10128,13182
15753,8727,1996,2621,24360,9954,10936,17108,12689,6745
29304,24165,31407,3791,15332,19191,8889,29872,31370,8046
20567,22033,22006,21434,4102,28811,11313,18766,2749,8522
7559,14292,4049,22369,1421,21023,30230,96,1379,14177
6215,9001,823,1182,28839,7423,17162,6752,6121,13536
31927,27309,11085,30997,4913,25398,24077,6919,20748,18385
14839,15700,20031,4393,21339,26658,25384,9140,29735,6068
19664,29414,593,6459,26225,25765,9589,10734,7221,2300
28608,3164,31553,31251,3596,2049,754,30815,17228,1816
7014,5910,13099,18097,21823,3302,16368,19715,22179,31974
32677,6659,6535,19405,3192,17974,24366,21858,13409,963
31980,5683,19461,13772,26160,7562,10459,4606,6082,23453
1677,103,18504,8197,23457,11656,527,23665,24920,684
2568,32668,21206,30840,14353,31868,10116,30658,9334,20925
19635,15527,20152,9581,8834,28631,8589,18681,16385,27188
30759,14680,17046,22172,2233,28550,11424,9730,22584,5428
5979,2500,7007,29118,15364,26680,10485,9053,6205,32648
24914,30878,12722,10945,12064,32274,15613,32038,1375,5191
11207,10186,32427,8696,26160,23902,450,13953,13169,10311
3905,12437,5568,26356,7342,15667,7541,25198,8379,17110
30570,13104,13513,3309,15015,26682,28588,19338,14655,9313
23982,15198,22645,9705,14806,2533,13347,27733,19562,18910
4445,28798,4786,3070,25681,8931,5119,28645,28017,9280
2028,16721,12757,27746,12772,30098,21210,21305,5604,7486
2320,12335,27266,7717,18003,952,27695,18823,17207,24362
30137,8837,31658,32464,532,26838,24276,19001,31577,15291
13890,11990,31503,26933,2116,2245,24490,15733,31123,3559
23377,26260,29239,28472,24548,16516,2472,9312,3134,7495
32308,5509,32439,23902,15264,5988,12525,27781,13586,28064
16581,30365,5679,18265,19116,26858,3968,27137,14627,4990
16922,32363,11642,32501,3710,13349,26075,19043,19134,12040
17547,9611,9185,29453,23661,15186,11913,16995,9928,8307
27347,8638,17993,6771,16255,30449,31564,21208,12369,30143
11607,19094,21430,20206,11751,8650,19371,21918,6256,1962
17883,3801,29599,26300,18183,24427,30690,8519,17835,19444
7978,29192,22495,32571,25072,17701,30843,2757,17782,7527
10110,5543,8015,22947,27057,28056,12833,28281,27527,11850
1962,26689,19272,29435,11265,18755,20078,17991,11806,6182
1616,17472,2461,12972,10237,8896,23999,14492,7019,5118
5554,8959,1489,14176,26130,23438,21329,3216,17327,26732
986,7378,14225,17,16205,20117,13369,6534,29918,5959
20522,19672,2494,32622,2472,6087,23287,11509,30656,23230
5783,26563,3208,8712,12304,19603,19624,3904,29663,8703
8217,30473,32364,989,8237,1792,6705,22735,1744,2031
18719,17942,8973,4164,32061,5543,30420,15041,17555,17025
25082,13684,27718,7997,32385,15594,24324,19175,4634,22432
17058,26636,14568,26042,6404,18964,11655,22775,26686,3282
21069,10469,11768,19034,24527,22353,8727,25363,23719,6402
3226,3085,17013,30375,12993,6036,29732,31245,8053,11269
26991,15253,19172,23776,13219,25574,25964,23071,16294,30175
18874,10694,31032,29903,23091,8124,13177,15081,19858,2009
31403,5106,11987,13888,13114,28733,5201,29167,10745,17369
21035,28052,31151,26121,11243,17058,27090,1268,18794,8869
10898,414,29422,13011,4634,18455,22678,17891,16146,30707
26872,26658,17512,28921,31496,29123,16976,6176,20284,4982
4233,26807,11245,4413,24034,9699,6401,8059,26878,16462
32455,5710,13908,17438,11298,28447,26489,25380,2026,16504
6050,28502,29071,11285,24933,22912,5375,29501,29119,2102
13770,9555,19547,6925,13700,7336,9489,28171,22892,15763
29358,29019,4938,11204,7923,10565,20894,27093,30688,27230
6902,5922,17970,9724,30880,16347,11562,23277,29825,29527
14224,32361,11845,5291,13816,28996,19385,6524,21060,21864
18548,11025,31850,22403,26813,23980,5239,16637,21417,29211
30164,26157,6276,21898,18376,17612,9074,21403,14143,26282
25942,11961,32202,23711,13043,4777,23014,26053,8018,5473
23681,5860,21859,14878,12218,5678,13542,10929,15081,16173
13964,6937,18399,17145,23386,2903,3439,6318,11087,23422
17197,21021,1862,26122,8821,10434,21022,5234,30895,22263
13591,8705,11986,4454,895,225,27175,13508,399,5497
10832,31677,4752,15353,2184,20778,4673,19506,31788,4746
23933,4012,18555,22192,19993,24050,30618,3257,11788,21297
1754,1857,26066,21761,10302,18391,27154,22915,15672,7853
11390,9388,28340,29332,5114,28640,1623,17704,16385,12227
27913,18248,6981,27724,29361,4554,406,24347,17215,22124
32005,19468,11504,7437,24137,18444,7117,24861,13410,25131
28278,9042,26492,25331,2077,17308,31509,5624,17365,14172
15202,20913,11533,28625,23023,12678,8535,1234,15751,13866
16239,30659,2387,16427,18296,8898,8005,6344,20616,10273
8632,32002,30567,30233,14416,24310,27284,12988,7208,20841
30601,9260,12076,20901,32064,26891,8899,25476,26614,5426
29106,13258,6703,1702,12605,13495,26362,1735,32142,26845
374,3019,1371,20528,1429,11883,30916,11100,32288,10204
24442,2395,3068,27649,6694,21318,4779,13279,4873,19051
3605,3153,25055,11425,30089,15613,26378,29400,20479,7046
8684,24052,23968,7940,18069,17884,31368,18353,22174,24269
7882,12004,16724,26869,8116,21316,20250,32317,5717,30005
23560,29286,3901,6039,9688,31063,26500,30896,12547,1973
31502,5990,2343,8629,2060,6322,24748,3118,27590,8529
21415,5107,7321,30653,20990,24415,1339,603,29902,32305
9543,30198,17161,11162,6901,18540,10596,30357,31272,15271
10608,17527,5295,5327,1030,25031,6084,21438,25321,5455
8921,32437,17831,26995,15253,22093,13760,8130,17177,1456
1546,715,20615,8968,8532,2610,5317,5176,11338,1283
11134,11211,32409,15941,32106,4649,14163,20435,6096,20241
28820,5991,7497,1859,22118,504,13254,17021,9442,8518
5076,19881,20888,16307,7455,3413,25649,26196,5173,21603
16979,2376,28045,4866,29381,20040,18888,29149,7124,8576
1846,11666,16629,3229,3228,18021,939,1064,12597,22582
27563,7954,26102,11952,31295,27792,1046,27076,3304,23593
25806,18005,21319,27660,9822,24373,23613,4520,16976,31313
32338,4215,22784,13864,8019,13082,22108,11138,7999,6827
21481,22366,27237,6223,23559,24876,30406,17674,29301,4412
12480,19416,1559,2935,6894,6649,12279,8781,9546,27020
25483,21998,32660,23135,29750,21437,27384,3334,5136,2561
20203,29738,12266,9182,5462,20516,19597,389,4598,2250
18755,167,30978,22921,11161,10543,10511,949,22626,4656
19506,31516,24063,4892,5220,16609,13278,5432,5930,24712
4929,6476,3189,17229,19777,17823,29894,19898,16914,4130
27287,31608,23944,22764,8951,28006,15578,2278,24948,7656
24999,2248,25405,12162,5686,9284,1416,2469,26370,11648
11058,14280,21878,29898,9637,16059,10229,26760,9471,23608
31517,29037,29553,25788,30797,24307,32740,13204,21860,30725
31715,24891,460,1019,4277,13283,9400,24524,28617,32338
20649,29567,16984,24815,4151,7139,15429,8477,12302,23680
22088,2759,27191,28109,29515,4156,22169,31652,29972,7230
17599,10226,1061,19029,25307,9651,3808,31082,22027,30
17391,27792,10204,25116,3043,28197,11533,29183,17947,10522
18837,5489,19688,11407,13798,12714,1262,19875,10612,15335
31694,23434,3697,11799,23042,23008,8923,13271,11272,13628
10937,9120,18114,9737,6050,6207,19229,13713,18814,16006
3313,6491,19601,11074,24872,22711,14517,19821,5923,28823
5606,20644,8537,27040,27140,987,12609,5249,21461,6223
19059,24708,22346,19644,4362,98,16131,22736,22348,20828
14100,11488,11917,14471,1290,23003,32592,27240,297,13692
27824,20672,13560,3779,1790,681,17152,1701,4524,738
31696,24835,24681,14440,17476,25049,3982,21830,12551,2744
7097,8109,31575,19574,7351,20807,13064,292,10152,201
20940,16960,7261,18888,5041,28460,25093,9933,14571,30687
22281,12715,5332,16347,30772,15888,3633,11614,791,603
29879,14557,6060,17069,20430,4270,7481,12867,2708,9477
28279,32515,8485,12321,4340,15188,13082,3783,31670,6707
8015,31984,12577,12676,3306,2751,12315,13989,1432,23989
109,26953,1306,4648,24172,8324,8705,20721,18906,11810
13237,28006,31751,3133,6588,8072,2363,2319,2105,11901
12632,25860,32179,8000,9148,5907,17944,15255,14949,11087
12034,1349,28760,28601,20792,27009,5955,25433,4984,18600
4193,7053,19060,9775,3230,5024,6682,5339,6140,6814
31768,13108,29749,21351,4000,19511,1698,31491,5736,28747
23899,26933,17142,6774,4000,32595,15386,13777,32119,31060
31164,5945,12951,21803,24279,16200,28805,17492,13510,30851
9213,23468,27583,9685,18835,30085,17565,21821,1434,31226
18402,27331,29509,384,11772,30640,28428,1470,7367,4606
24657,5279,24148,16398,17988,14757,29929,19609,3076,4480
12360,5865,26631,15327,10292,13129,19131,8070,16434,28602
8301,13472,6285,4327,27243,18775,4252,23387,29541,29859
15943,15602,8985,11103,32456,10893,13616,11170,1199,1546
22370,12876,1833,8308,29409,11999,30337,11382,9461,27025
23015,13590,10979,20383,14961,27808,17684,23011,16223,26591
21875,16809,24483,6547,15639,30655,19617,8736,15650,4555
31283,18308,24297,8673,26608,10635,10069,11349,4014,1606
6537,12238,7493,8889,19652,29596,21398,11220,6537,4172
17100,9125,8702,26233,13282,11979,14739,30693,28006,22062
28643,22216,13692,4333,17119,8039,13605,10904,15401,12265
8385,22944,32190,4710,18899,6667,472,19778,32261,8300
4627,3513,22380,30995,14798,24762,25100,10113,14292,28153
15007,23071,13116,26944,2706,1583,14221,11781,1361,2
15398,14658,19140,25451,15069,30081,21273,24693,6631,3382
18373,16465,27896,14162,28101,13970,20906,12821,1322,21149
27427,24612,16852,9562,16626,15323,16766,28464,1339,5348
8955,27185,1556,19465,8894,1169,20014,326,24736,8029
14520,26659,13022,9577,31872,13889,10849,3723,29276,24626
11331,8966,6856,6285,17550,4937,9936,17730,5703,14298
2097,24364,3243,3469,19643,28645,12728,16889,18681,8670
19951,25644,22036,5807,13657,3486,9973,30635,26056,5988
30890,29880,23135,12198,8715,9566,14420,25427,18077,29
14581,28691,12470,23556,29929,29310,5858,12415,29881,17547
20614,1905,10895,8267,15811,21890,14653,23255,26269,11451
11392,19335,5469,32080,1670,13156,28723,22716,18095,14560
22048,27411,19857,19397,787,7828,16958,1388,16211,7550
23753,22831,7708,9766,14854,10528,3981,25925,7314,4860
18882,19094,16147,2394,19773,2977,7105,3368,2186,18641
19750,7000,24354,2253,27681,8919,6033,32261,3889,5823
29908,19083,20208,28877,32517,13861,29662,14357,16186,2720
12640,24564,29354,2663,4617,4935,30993,13652,30999,16346
598,20421,23873,30244,16235,24563,8368,28977,6774,5503
10827,23263,14894,20302,9271,8269,21639,13207,926,27281
5265,3642,15792,4009,6045,26964,19944,4020,17827,5136
29073,29283,2272,3008,15496,6314,10435,31532,27459,22203
19466,17449,5650,27188,26153,18286,10661,8343,5099,24228
18639,16892,11099,15548,31625,5122,741,10373,20282,2315
13241,17790,19510,28585,23408,24297,25732,13907,8434,26912
16356,5981,151,11564,2320,16679,9100,21140,8259,20116
18041,15219,22264,9149,29536,26317,6388,743,4809,19747
9862,28083,6172,27461,17422,9877,19790,28520,700,26247
447,15480,1690,6911,8291,14256,28109,16414,28961,5223
15640,11050,2424,4653,30113,22846,12392,24854,14328,5696
14736,8278,6229,4116,7060,11022,2081,10767,17857,10086
30904,9391,30964,3036,7022,28041,10167,3804,25296,11138
8622,13456,10540,23362,3634,28409,8275,4070,31291,1087
28317,11253,32131,12101,7470,9878,15080,11905,15224,12544
16402,13579,23553,20529,2135,29171,20070,16099,9947,8664
15009,11196,23548,24246,391,10181,6637,8704,1684,22813
15520,11503,18155,17903,30954,19225,24985,19361,18146,9029
29978,5710,19338,2686,30238,11383,1457,3430,25485,25333
16919,9165,31688,19762,6867,17026,22322,32153,1522,16233
3055,10827,14177,15310,16107,2580,23053,2297,17950,32157
25672,15107,16399,22755,2927,24040,17559,24807,6857,220
4840,20904,12723,3043,24781,78,11514,5020,12084,28072
16265,8029,18409,23768,32324,5509,18596,16973,25395,16910
24390,7922,3043,11106,7008,7077,14089,10608,30965,30955
17769,29438,2177,9954,16886,5441,22585,6519,13627,2475
661,11480,18425,24068,1548,11821,30994,8892,18974,23683
27301,4992,30104,30216,2683,11787,31252,9598,6562,11071
30911,25578,22359,3700,25695,8844,21290,16144,1172,20756
10844,24663,15965,5139,13452,23429,17887,16304,25490,20506
7522,27292,23212,24182,1437,11592,216,165,17203,24917
4736,25980,23933,30028,30300,485,14986,10383,22933,19575
15460,17295,22310,22346,17301,8256,11912,15369,15082,5834
19854,3656,4215,8834,12686,18456,16347,21272,25537,25817
20934,24081,5356,7760,29880,25720,7232,32762,4875,16593
23935,17567,2611,29007,23137,12841,26437,29255,29494,26551
19638,7395,6860,20974,25957,24091,403,14735,2268,23009
31743,8271,29907,20124,10286,24547,16374,19672,5835,16218
27113,5948,31538,29359,11400,16060,9941,14495,29299,20240
21470,2744,5834,8036,790,5043,21045,6993,28933,24579
31016,6156,26203,31918,28517,2525,26510,30812,29890,11731
1989,31405,12076,31671,25333,26064,5612,29758,841,13906
8745,8066,13768,5427,26798,20403,4658,20543,238,31754
14890,11419,23877,18431,5018,18335,30849,2748,596,31203
31905,27345,25845,28829,18141,25129,22799,28970,27878,15933
2695,31466,10094,28807,4667,15185,17899,17210,10216,2107
3992,17968,11084,21632,13757,2084,18567,21193,15153,28705
15303,15010,29981,19258,30756,25552,2306,25212,13769,11236
3070,11553,11093,23056,10059,29446,30337,30010,26120,29536
30722,16463,4156,25514,9905,20698,14104,23266,7657,29653
22140,31988,27440,21694,12221,31351,24346,6894,16806,14487
25963,28967,444,13650,10364,11116,15046,31720,992,32533
13453,15756,2630,290,2273,25184,8865,24272,18908,9888
135,1130,23915,6173,31703,9826,12809,2030,2975,24736
12494,17506,26685,24602,4265,12089,6340,19109,28394,1043
28577,22794,20739,25384,14974,22365,29583,29754,10598,32650
2707,13768,12586,25137,22276,19589,27908,20916,13706,26376
17275,910,2692,2501,21126,23526,12108,22332,26356,5987
17596,10352,779,18243,3825,2459,14448,21415,15950,28448
22855,30769,18884,14017,17562,28369,15953,18706,20991,15580
10183,28461,8309,22111,30415,12456,19600,2994,2093,19908
20950,30032,12614,10727,7016,20965,30175,14925,2021,2729
19239,19706,25739,20973,3064,15347,9119,4083,602,24749
21007,4611,10825,23494,4183,12219,4536,1267,4769,23207
31189,5946,27696,19474,7567,28001,10750,17691,16725,25254
164,5387,28705,11184,4475,23013,2486,15302,2817,12095
1574,2623,10366,16209,4758,19513,21735,27212,27461,30350
29954,30701,5835,7172,7371,1873,26271,31684,13335,12555
24796,21518,20087,3956,30533,19754,14943,8514,12166,4258
2951,14940,8381,24750,9362,30445,27192,17392,1006,25783
1920,6497,22523,22187,9623,10380,7791,5814,23935,506
21241,27101,30715,17389,28964,6796,7834,5969,19839,32043
7664,30959,2555,8947,7463,8932,10644,12032,28343,10833
1843,423,24177,9557,13267,11785,8386,27960,32739,28136
18230,20713,13292,1978,24123,19371,15476,23292,6184,5131
19746,1737,10621,5909,16163,24235,14956,13255,11979,8625
4505,19142,7296,10178,23583,30288,5332,31024,14035,32370
9201,1168,23756,23931,6202,26314,7971,26800,22575,31084
2551,28993,20369,6980,23220,29052,14279,26413,11157,6721
16257,19753,30824,21686,21915,16816,24722,3131,6980,30536
19026,21665,16735,22102,19274,16534,21801,10036,31291,31844
16413,8835,3600,220,32533,23491,28190,29324,21681,14881
6058,313,31484,29583,31915,23433,6221,15898,16338,2815
31596,11128,29128,19500,25334,25313,13239,14116,21507,11553
25355,19504,17413,1770,12922,14530,6644,11630,21569,26798
19112,22829,6577,14230,5254,6924,11243,22182,7774,4008
16872,14978,32148,23785,30652,9597,26494,11738,11035,8716
4622,8376,284,378,1969,23369,31037,13021,29302,14702
12711,1608,8819,18940,16564,12354,21349,3528,18351,8567
30102,11521,8923,1710,32260,5827,23222,1275,447,16104
14974,1590,8339,28194,12277,10667,743,22599,22626,11539
28389,27883,24280,25028,14555,5684,4026,548,4833,23018
17791,31587,32701,4302,4787,32618,27907,10285,19774,29454
14465,8628,24297,3210,9433,17798,32542,13868,368,14988
14831,2382,2439,30988,26715,30088,16040,19326,32204,26660
16964,20891,20195,2002,29338,14774,13688,22685,20186,9295
13789,23582,26251,26086,2403,496,22570,6925,12832,31844
8980,17089,31727,19829,20646,21242,3767,8190,14498,31617
30193,16682,25812,2818,16740,20012,22518,10850,9011,27185
15314,25170,12058,4243,15014,7973,7925,22352,1996,9950
16514,13754,23450,13710,28775,9072,26248,13277,18039,9100
32656,15334,22321,4126,4571,24648,11913,14810,3481,27001
